664466221211
544433333322
888883357539
998872132422
753322621232
866655433644
986652822329
866547443234
444433333332
999988777777
999988843336
777666666633
555555556789
888887642265
999999998657
964433333334
766664426435
643333333433
999999695944
882224225211
644332521422
884433334343
887783435426
885555621143
999999988656
543342212222
444444343222
755243232364
988764554586
666666666789
987775432232
985332533344
999776766774
876555532432
866666665363
766663566124
755443342221
744548432622
888555444413
655444333222
886666665543
974233133142
666555555534
666121222442
824222272532
887766655445
999999999999
844333342832
755533442221
995549631555
776266234212
999777421227
987769123125
888766666665
998888665242
974444444444
666666633333
888886552522
853322622222
665324222242
554333335222
977777777777
888888668548
999464126224
644333124132
977544444322
534625231211
665544422232
999888866243
866332422222
999874523822
888789347154
997647664355
666655446321
888575435726
877654333324
664422222222
666666666666
755315214215
555555545122
999955942388
774444444444
975433333332
999998867597
765547334216
999999887776
983244152412
777538435654
854453354343
998877777746
666666665433
766666666666
864444446333
653333333342
887744123552
988338331232
999775572492
654444444442
962244722223
999986632523
666666644333
888887755747
999999448454
999999999999
988888912111
666543332312
888654438443
665555544333
765533333334
777121221221
555322424241
965555444434
633271222223
755557431432
988866687527
666333352322
976443124455
823423133424
778423333433
999999988846
776543223153
876654664433
888888888888
997777555336
888887666544
554222232245
999999988666
894632466353
976634336225
999999365422
997543254453
754444445433
997775545636
665532332124
554222222232
999999999999
855443222225
765555443313
984333133222
999887569222
822322242753
998654432443
995552292242
877665555555
999992777237
998776666666
655554333322
664442123242
755744444534
888877645363
742222231232
544444444242
643235122324
765544321344
886665555445
955444432422
877775365632
777777777789
988885273483
866622232245
853445542463
776664633332
999999999989
998555444435
888888888889
976555333153
887477532743
666822325326
742222222212
444444456789
776671132333
887777777767
963223322232
777444444444
544444444443
655444432333
987666665933
998888888844
977769434633
555544334325
999576342535
988434343645
864323252222
963385324642
997675623832
988742343224
985555454534
662222222222
533333335221
999998753533
862222241522
888883333821
655554482524
887777637477
999977733323
766554312212
665559321224
885443333433
752222323221
444443333343
