66
54
89
99
76
86
99
87
44
99
99
77
89
88
99
96
76
64
99
88
65
88
88
88
99
54
44
76
98
89
98
98
99
87
86
76
75
86
88
65
88
97
66
66
87
88
99
88
75
99
77
99
99
88
99
97
66
88
86
66
55
97
88
99
64
97
65
66
99
86
99
97
99
66
88
87
66
66
75
55
99
77
97
99
77
99
98
86
85
99
66
76
86
65
88
98
99
65
97
99
66
88
99
99
99
66
88
66
76
77
55
96
73
77
98
66
97
84
84
99
77
87
88
99
88
55
99
96
97
99
99
75
99
66
55
99
85
76
98
99
87
99
99
87
99
99
65
66
77
88
74
54
65
76
88
95
87
89
98
86
86
77
99
99
89
97
88
86
74
89
77
88
96
77
54
65
99
99
99
55
99
98
86
98
99
98
98
66
55
99
86
88
85
88
99
76
94
88
75
44
