1757
210
2498755
823
12996866250
211239828
1159
6828
111
5492199180
77
1875328
214
119952
1144
16811
1619
19974
13435
11365
3042
18995
814320
13603
57624
43714577664
225
211
4656960
22381821900
253232980
299
227
9465381450
5241600
2135
871
182
1714
14127
23134930560
230
794999824
14243
23600
12954816
28809295038
103392454592
19747
8984
437175
3363388056
1770912
44
300237696
15229
360
192045
7810966800
16872
1416
607
14995530
282025240
7051968
1588248
1038
244608
1257424224
705825792
229
22176
21675870216
1544
570
215
12118
117504
14521680
156
1154340
2376
32
246
385
26367000
3022848
4791840
195
5358142224
14400
2289
11334
234
274890000
826902513
4480169616
39618
3124176
17192
25340
16739
29862924
276709680
3534300
25871208
22330
178
2214270
1534
1098
5402004
41792256
103
25023216504
1430
1561032
3628800
743145480
36611727336
302
1733736
31533324
39368390016
192
16963998912
6367
1235304
464
184
215
31631670
8625
1310715
7566
636830448
3259008
61992
62236836864
1704
7268316480
1104
21120
1088
13720
435
51334642806
19491
61710
160
8541696
648024
17174
14825928
48843
12392320
6787872
24225342
2210
48735596448
281151
260
4045
954
2539
3385
188
11135
5622144
861
170
47658873528
222
163
3643962795
45568
905520
3765103650
11610900
12788
905
206
11516
10970619264
42
1566
6048
695
556104
4217981040
30600
157
6545616
107832490857
3747214528
17802
85360
13799
195
26146
583816800
5421975
232861824
23001
17918
936928
181
1305
2711160
913320
1555
312
3875688552
2367
1486975
6956
4005248
123
5506137
2781960
147
2326116
217
78880400
123552
481536
4566744
276
132496
188
13195023768
2377648
176638
1039
1390
5723963712
2753100
2144142
893172
243
248976
96
1052
1089
1072
29454
1612
46765776
1965
2932
278424045
1562
19564
517293
147312
234
8300250
1281
96233478
8023
6083
1179075560
220
9209
709780752
191
744
102809353680
2082
134
17482080
1767744
1485952
2083
57732480
133220070
194
189
13115
1411
2685
29548780800
141
3395392
6818112
1487
10116
22806440568
13019
1163008
102
2622
324480
1105650
21882910
514892
5338323
1030
44552208
2740070592
482057100
1826
1159
47488
13037409242
70
377104
69946287840
31370112
9313920
23151
17775792
15111
167321374272
1227
194
2451
969408
147744
274
245
192257337180
8868
154
3867
231840
55018376
18921632730
49262640
1101870
896
83506752
6237
26592420
62208
12553
13943
13642
153
27435
49268290500
128248
25231589692
19628
345202
1167841422
1398499200
15077
4415
163
56819028420
30635904
2789640
14779
1371
21514
1352
5387089
75383601384
18348
20757000
20526
178
70057260
22376
10491040
1264
318
1360
177
1499
2878592
257
2821320
247
22288
9204
14877408
22481
260
226980
1976832
11351
2114092197
36111299840
151
146
33540
6059199488
18335
30842035653
295
6042
1666
12809
3092875344
1742364
508
57792
32944
38421360
5812722
23258
18392
571017216
449388
75319691832
33264
15519
225086400
16093243296
18845
1295360
15877
18772
5986992
1233
496125
6019
468
7885780
64
288
57
139
154
4296390756
1310981760
988652
171600
4733129298
382
29733
8126
14068
4150071552
140
700026652
115150560
5129516868
962654
95
10920516552
2614011372
1239300
155
962462688
129
2590929110
232
94952004
155366654688
238
61
31030682760
44064
1411
114
7938
468182792
191
15284
180
335
214
104468
1401
9471
248850
17070764256
1821
57721019904
29151
7799
67692163968
15981
4769907876
1777480848
11011
1639440
1148070
145152
820080
17551
15477
966144
1503
17751
593352
282
124320
810
12869340
20974
2452352
322
306047440
1605723372
25852
228
31257317952
15694800
814424664
140270
19807
359
123
60207
23019
601929328
38184
11226402
325
2736
5400203718
47
320218470
144522
1655
1135
195
17224704
10336
11982
2565
273
277162560
898128
26496
11625444864
175
1047286944
20443
2584
13958700
141
64487170
63
14769090
197316
1303
3023280
49
112896
240768
7321876848
147312
143
1217
181
8300
12345844896
30702
88
1199698500
21781
99293428806
133056
249
2569414272
10634069160
182
1223
2059
460275000
213
19536
13059846315
809784
36763914
251792238336
2304
305
2970354208
70005276
2030589
857
14653440
34125
1154
39154086180
264600
123
12525678
106
104
204
14989
111
179734464
1218
16502
3374330400
5022
33965431272
13688
181
929
1257
30132
3312
302662920
53607336
120060
481572
868
235008
3486027888
65772
229
504
1030
166
983754
4781
328176
1692
2240784
783
1148
160650
1451450
242896
2459664
114210
2723462833
226
200208
1188458208
638282064
12282
1860132043
2051
20134800
213
1070925519
39555712
19354941504
256817792
702758100
1567
50663703552
14784
1161
2911616
525460
44930184
976
3276
25873
1029
265
3375
783668480
608
24651360
207
118
9586
775
124
14683
1258
110340870750
1099
222430
56410749
13045
1732
76
1126
107
9264
11286
17284
192080
17558
15366351
176800
9724
3814272
10179
2081978808
2082
186
225
1077
135150
179140
233376
100
3770
763041330
1012
13067
28226545776
5568
1605832500
187
1923
55055469657
143704
240
13687
16825
2187102456
8930607246
3933766
5610528
1312
6340320
46048957500
1235
2421
4760340408
4571832636
34714680
143
12517
78624
165
11704725384
20808
176364
1936
47685495680
210361536
10048
345030175252
60545693964
31335660000
4103946
13389768
264
1310256600
4290732
368
1272
11094
436296
1292760
14744
239
97546680
1396463616
4523250
3821202
12717
217140
12614612544
303696
596820
8034843600
170
267538920
6479550
18744
210
5086368
41055
1594656
13890
4873424
16535
216
48397963275
244944
27283500
304668
141
1485
2728632
243432
25977600
15072549888
155
1930995
1048684
1842
15730176
179
822
2092896
193
145
68
12528
27720336
116791743906
15446
17164224
412425
406952
15655
1507
47283841199
5701104
26444192768
43470
975744
1475
1553472
185957280
2449216
162300222
481338
169
40684128
1166220
101871
34533690
399168
8393
15070
12587
370944
3587584
6984858
1947792
137130840
10407
2284
39150
202
186912
785851248
566005180
2436
14757899184
82
45674866944
12687
9433
21780
2537
244
286325820
18986
15268608
7673
106704
219
5069
866052
1264
58
198922880430
19496
567256
153
155
1783
581542500
283
11908245
14877462600
22726
27242
2225
186150408
2036
507620400
4543154816
276
83207925
1201
479232
1143
950
211
14969035872
18392
286
1220842
1616076
20974
74376542240
1767765504
661750848
309764280
12392
17393
394
17019366
216
150
8078
1285
194
11494
235
837216
1967
2339
6519744
1236
13141
117
181
81
436968
255982188
311688
3775800
17010
143964
1355640
4151672
14131
50808
1943
937
164
95
7932892464
2611238
50220
552160
58308768
645816000
1064664
946053504
2441472
2039
11437
420
84603645
298
23712
1600
37012758
19539144
2425488
1806
2388
1691
17157096
29644461
79
24382
152
2639
1660
243432
212786112
18887
232232
90
1089
131339825370
1154291040
1879
130
1341
18844364
2659
128304
3910747428
5936
75264
18445118965
278
270474864660
252
243
6551363976
87547440
1173256
10130395275
18120
1106
217617840
2112
18386676
11572
780912
22874
18115
572
817
18158
6748
17804
709
98231779800
194
14911
1289
60
12370610604
7027020
597290496
4807250
1970
1775928
10396746360
524
1118
339
87
