91
99
31
33
125
61
44
4121
6
13
3
28
26
6
95
7459
912
4337
598
9668
59
387
4
1782
56
454
84
75
84
292
139
75
94
215
52
53
9
47
12
5161
445
66
61
2115
16
27
62
632
8938
2151
5
47
9
6
928
6834
98
3
791
5466
341
8
242
331
44
27
159
52
42
63
9
7
474
164
365
9
37
4
48
94
55
52
6
98
11
68
32
4
94
324
73
523
5
41
875
977
411
1
66
9995
21
2478
58
47
35
86
5
37
834
61
63
29
97
25
89
779
73
75
95
719
78
8
58
339
3
669
1953
14
131
76
91
45
7813
73
423
19
82
41
96
528
576
3
24
59
9985
65
631
4426
22
3
96
2
9813
52
67
64
36
73
884
321
1
81
1613
725
24
751
72
7182
44
178
2
812
61
47
23
1
44
215
75
256
51
72
47
214
2
678
54
211
6
756
18
59
22
797
34
4795
97
2488
56
849
236
67
584
4822
8
4
62
327
886
36
113
9
346
433
293
5981
332
46
9
717
2
39
55
97
99
38
42
64
4
41
837
71
31
96
44
57
92
91
2
97
6
8
91
8
73
6976
682
1
18
473
3
1
9258
9
198
69
35
442
363
7444
4678
8
54
35
317
13
194
968
264
8
42
44
94
29
234
395
54
4
5444
6
929
316
28
8
16
9
8
556
1
8
6
215
24
65
71
7
41
48
758
392
15
859
3
56
767
56
28
936
9
21
6927
57
7612
762
1
93
152
66
4
23
61
437
3
48
2498
56
98
637
5
7
5
6
8
87
24
68
18
2366
3
3852
396
17
457
274
26
19
98
786
3524
51
693
78
27
434
57
6699
68
19
793
27
85
4
3
94
1754
68
236
76
4
22
25
523
69
4
66
64
78
13
4882
8
65
11
6678
963
868
86
32
1
64
963
53
23
2228
275
1624
9
9
66
7
71
6
3
7955
9616
44
9
618
7
754
75
754
6363
32
3547
437
87
7
5
2
18
46
37
25
44
39
55
524
855
7
78
123
135
7638
7514
2
352
77
26
8
87
49
73
74
518
85
19
79
5
433
45
826
399
64
47
63
6
775
33
9
44
4
528
91
59
85
7
654
45
35
546
435
612
41
3444
96
772
278
276
5178
8
77
4
18
3797
894
8
764
7591
12
28
8
341
37
527
17
62
232
3
9885
49
537
75
61
2
9665
9
8
7
7197
826
4
22
78
38
883
8
39
1
636
32
1
96
9423
833
237
22
216
22
9
32
63
44
945
629
85
6
55
11
126
87
131
51
37
84
96
783
66
7
66
2
3786
963
43
56
175
846
746
6
24
24
65
14
697
746
285
67
11
279
489
641
384
96
97
661
726
27
42
64
7
463
81
49
8
54
1
97
42
564
4
468
319
4781
162
9
668
5658
94
567
424
6
4
2
942
5
3
2
2
51
81
68
6
81
8
41
3597
12
121
57
694
1
75
58
1
24
15
59
68
129
7
526
5679
127
22
2
61
379
32
492
8
394
6
293
4
3
8
1
13
32
945
9878
353
67
135
35
5
85
4
7
3479
59
4
4735
236
295
8
58
347
19
457
2
2
37
5515
3
1884
8
86
91
4
656
86
6899
42
1868
74
79
494
1
26
13
57
2766
669
55
9
99
1
95
19
486
797
92
4
5927
6771
84
66
53
63
299
6
375
669
87
51
67
34
68
169
3
62
671
17
9
741
695
93
873
817
511
783
63
857
61
479
51
92
84
4862
49
45
4757
94
81
717
5
198
7578
5
912
38
58
98
43
58
726
3
41
58
23
791
7882
17
7161
64
97
54
75
7
86
33
6
42
48
48
3
83
86
735
64
77
626
86
81
25
5
9
3
313
2659
96
27
13
682
11
389
498
776
27
6
371
9
3
71
623
26
71
776
36
49
523
88
6172
96
6
4
14
94
124
35
99
619
87
89
44
39
52
663
372
7
224
5784
66
9
847
46
396
8573
96
6339
2
72
3964
27
159
44
435
5167
34
57
28
6
42
189
51
825
44
9723
614
956
44
445
236
29
941
555
8
598
37
33
168
6
82
58
9
6689
413
94
239
2
921
49
236
61
82
2
456
66
41
9591
1
36
19
794
14
948
4429
8
13
12
2
41
13
31
6
31
79
7
788
6
753
222
59
3
58
37
1
58
54
64
4
32
96
398
236
325
333
4
2
319
1
81
13
37
7
58
29
63
2
8962
95
46
566
3
296
8246
44
9
257
949
855
122
92
26
77
372
81
28
357
8
817
58
826
81
49
219
584
4
91
6828
58
645
785
67
773
6
7283
3989
1
476
114
6265
9569
8
275
1
297
264
45
44
78
87
25
59
77
455
264
421
92
23
