736
17
35
85
558
29
45
2676
51
755
9
91
94
7
21
2858
456
9336
7975
794
289
9181
65
3176
21
999
25
59
56
225
385
85
65
745
96
661
97
12
67
7468
614
58
86
4865
59
84
787
581
2844
6825
45
114
86
9
38
1535
93
35
325
6241
323
54
27
716
84
76
778
98
464
32
65
9
987
838
113
19
693
6
83
49
53
964
2
49
5
75
72
3
75
921
493
146
3
73
561
129
647
6
61
7116
8674
3797
82
85
45
86
7
94
295
45
62
57
68
58
663
113
33
84
66
291
94
53
79
272
64
266
4297
43
239
64
34
23
298
95
822
752
46
63
996
871
613
1
44
82
2827
41
537
6518
15
72
67
67
7299
82
9
34
37
71
645
336
89
51
2285
182
953
681
62
3782
66
264
5
129
46
38
795
8
28
266
76
3534
79
21
15
638
4
748
4
158
29
195
68
13
69
219
964
5695
88
1896
94
9329
228
75
923
6229
8628
46
22
936
255
59
226
3
673
941
35
335
26
35
81
97
34
74
72
25
52
22
82
83
91
72
148
52
37
193
71
557
15
11
93
66
19
5
97
123
423
8727
588
68
778
182
289
434
9639
49
372
58
75
774
53
441
893
349
89
438
657
84
538
255
287
5
55
62
76
398
514
457
75
31
7664
5
579
275
88
53
89
8
228
738
511
4
18
942
52
18
98
14
69
61
79
648
68
147
6
53
967
1
74
715
96
96
6829
48
7433
312
94
67
727
17
72
71
96
996
39
63
861
92
89
245
49
45
1
48
1516
62
48
538
522
3278
37
9181
543
46
499
541
71
99
25
395
837
22
118
68
35
129
274
9924
24
37
518
756
74
679
2
65
3547
35
886
78
5
49
396
43
98
17
79
6727
71
52
8838
91
97
64
4587
977
892
26
28
52
989
999
913
95
2858
724
8177
656
78
63
4
29
85
9
9757
5336
17
18
441
4
651
56
766
8455
46
8534
2745
92
43
63
16
46
35
18
83
3
46
74
193
792
34
25
386
198
8598
517
2783
426
54
89
84
266
11
12
297
678
81
47
44
4
818
19
119
846
42
8
818
2
195
11
2
47
95
5497
26
99
69
7
744
33
79
422
428
417
79
1363
979
958
634
143
4939
66
42
63
85
6249
415
37
715
4373
67
99
14
363
62
5745
92
93
655
731
6534
64
538
88
268
83
8662
25
7
3
5727
88
3
93
97
18
483
8
55
9
951
616
53
63
471
679
642
23
444
81
4
859
71
41
7895
958
23
9
23
41
985
63
473
24
5
96
11
176
31
31
73
52
1118
616
34
11
195
4123
449
14
37
436
396
59
445
412
625
37
74
829
46
869
997
3
74
778
974
53
287
53
5
466
614
15
2
99
9
2
64
327
32
889
757
6419
688
3
711
7152
33
315
216
6
1
394
694
29
98
19
8
399
29
73
2
38
81
93
638
53
592
56
51
629
34
55
76
62
27
67
46
97
456
233
6482
583
568
24
71
557
28
232
88
275
275
344
8
43
43
65
43
36
986
5826
571
59
25
149
72
53
54
38
2671
77
6
9477
973
582
277
65
223
642
484
4
47
61
3571
9
4184
5
984
43
68
2125
16
2112
988
92
35
81
292
75
53
48
36
871
261
32
4925
533
1
75
91
758
797
22
74
4836
1453
83
493
34
44
981
7
364
163
44
142
322
33
28
976
13
13
582
68
3
599
128
16
3316
916
822
928
14
434
77
376
18
1
171
5984
21
54
8635
62
55
512
3
919
4559
3
699
37
49
486
64
58
357
8
17
58
21
84
4847
82
3411
86
919
18
45
9
42
5
82
21
82
989
9
47
67
162
57
33
61
26
54
36
6
4
23
942
7197
99
65
43
5243
312
959
27
511
46
88
215
96
365
32
353
33
91
257
19
33
465
24
1632
1537
269
42
52
31
68
68
182
242
75
35
59
38
277
328
742
7
983
6558
74
1
552
22
215
9437
36
181
54
23
671
22
653
6
771
4456
97
86
75
578
38
35
67
483
5588
5119
964
69
983
291
916
67
131
576
64
373
85
91
147
869
74
31
53
2962
544
192
456
588
2333
871
81
78
53
84
2143
61
13
898
85
68
94
768
96
222
8156
7
79
57
63
87
81
75
7
86
52
68
6434
4
571
341
24
9
552
14
93
56
28
75
81
99
34
123
1951
87
49
3
4
587
87
92
78
656
848
467
81
49
36
3726
46
942
926
21
154
8649
29
6
788
695
392
253
24
289
59
958
66
633
768
6
413
73
594
56
92
443
263
98
297
9628
257
781
485
84
778
44
8363
4237
1
227
9735
392
8156
9
983
24
5155
736
4
787
55
88
35
77
12
489
136
212
97
54
