347
87
49
416
415
279
86
26
36
884
9
92
76
56
915
6463
122
5629
1448
272
745
3736
54
7963
7
753
81
19
66
443
52
65
53
441
75
768
41
44
641
651
864
43
997
6264
5
68
867
577
7889
5
67
742
44
8
99
6826
98
59
633
4774
484
291
45
35
53
86
88
8
113
521
62
4
468
468
83
93
3139
96
81
5
66
699
1
87
1
94
16
536
19
268
5219
957
1848
91
16
729
117
71
97
76
7893
1529
91
312
33
53
11
19
3
915
399
86
99
14
488
485
24
64
996
317
64
47
74
643
77
331
29
27
36
31
76
37
256
21
4978
179
18
3
733
224
895
16
4
16
684
36
718
5393
11
34
16
78
53
61
9
85
52
57
336
874
39
96
78
39
893
362
46
168
88
392
97
471
28
16
549
64
21
133
21
5156
483
42
2887
837
4
64
4
285
34
311
5
78
77
949
461
7214
2
8721
12
6544
175
83
72
9962
6421
67
91
37
4
86
868
63
228
879
29
599
58
29
91
8
96
31
46
76
3
64
39
97
13
11
123
28
77
271
688
288
95
34
14
13
24
42
219
229
259
4835
251
771
474
642
395
414
599
51
2
38
51
57
82
79
477
445
34
774
426
92
7
857
742
87
88
72
26
982
32
18
59
66
2
838
341
759
16
88
84
858
769
191
5544
154
32
737
52
63
85
71
37
147
24
161
735
723
264
16
374
9
91
493
313
55
9368
73
51
789
583
15
827
96
19
85
44
529
4591
41
415
9
83
726
354
66
34
973
2255
85
9
3272
6752
7149
96
7156
375
82
796
8959
17
818
576
8985
49
81
874
76
82
6352
518
4637
667
97
373
8681
75
9884
86
26
8448
58
77
99
2
31
887
16
28
45
44
9821
7786
42
8737
77
4
54
83
321
176
35
55
43
193
6715
767
79
858
659
2919
767
73
45
48
2
86
318
2777
2459
768
38
484
99
4696
87
516
3546
55
3684
7952
34
396
35
134
32
79
5
82
6
52
23
833
88
62
11
761
42
5798
48
7158
814
5
419
797
614
47
3
564
827
36
85
332
35
77
69
966
892
34
4
935
68
118
36
7
721
29
4814
27
89
17
52
1
57
15
392
125
992
1
2924
729
4475
291
556
887
69
71
32
67
7458
4895
68
17
5566
82
83
15
39
66
4721
98
69
53
774
9315
58
336
82
361
65
641
29
9
47
3896
91
74
59
89
1
974
6
358
37
37
228
65
32
355
6584
897
62
34
72
8
432
35
792
8874
938
84
29
71
7
17
12
334
38
2
14
57
793
9
93
724
55
3361
484
7
15
374
8648
429
99
96
391
838
98
75
813
68
17
3
115
9
33
659
2
42
76
33
43
351
45
15
133
842
24
39
71
25
3
43
9732
37
48
69
4545
865
2
822
872
52
45
385
9
23
885
82
46
42
724
32
516
28
81
2
123
24
86
515
43
224
18
33
281
9
91
34
19
94
871
48
4
874
744
65
259
773
799
75
57
337
177
497
69
619
924
7
173
92
86
136
83
814
2575
24
98
1
256
96
76
96
61
2872
81
59
388
43
779
543
59
729
3618
636
12
438
2
169
38
9298
49
9252
51
26
1125
63
189
131
46
76
56
287
53
26
34
2
64
95
277
1836
998
87
295
49
141
519
71
73
2677
3189
679
573
37
92
31
592
545
398
424
961
549
85
36
8518
24
63
127
9
71
544
929
198
1896
679
743
375
99
9
84
97
82
2
433
172
53
19
616
74
46
634
326
21
575
77
291
12
35
964
44
482
25
11
87
84
85
8
539
46
5234
12
855
36
94
52
6
1
59
69
75
484
57
55
13
296
88
58
71
72
41
33
8
6
844
841
5556
43
47
28
1283
653
133
53
128
5
88
851
31
244
49
82
17
4
51
55
7
71
21
567
6141
9988
48
64
47
33
297
6944
656
3
29
9
557
271
779
469
22
536
281
6674
44
763
98
59
969
94
886
19
73
371
27
445
1
747
9838
86
1
37
855
625
34
85
718
8123
3215
639
34
731
245
296
94
45
66
39
99
192
22
678
8149
84
97
77
5987
715
521
92
695
2462
9519
76
73
24
19
2268
375
75
941
97
38
886
488
63
31
473
54
82
5
51
77
74
56
9
9
22
89
3127
73
587
325
38
47
621
71
12
85
62
379
53
617
17
867
7784
7
61
99
39
577
562
38
92
747
998
979
83
97
17
7271
7
113
166
84
389
1989
91
9
38
414
861
665
9
771
61
573
3
237
369
56
841
53
771
33
37
734
95
41
725
951
542
18
824
99
6768
34
6639
9878
145
49
5491
87
75
96
441
73
5182
281
8
579
78
92
82
595
62
472
37
416
89
6
