583
7
47
289
449
428
984
5
18
633
56
8
18
51
113
31
129
672
3414
631
1949
5691
58
682
7
128
35
58
15
769
91
74
15
134
14
653
724
79
994
847
98
63
152
999
5
84
681
488
76
3
29
846
52
21
86
34
71
31
48
391
268
254
51
34
36
9
13
6
571
672
93
88
99
74
9
94
8249
51
45
8
6
661
23
12
7
55
82
745
7
67
8615
663
9478
29
35
9
144
93
8
5
8752
8935
69
222
68
66
58
28
3
513
574
38
64
6
869
53
27
9
119
552
66
87
93
664
48
288
88
76
58
13
14
826
258
9
1343
249
48
8
888
81
23
23
5
931
224
293
211
3154
17
51
83
62
9
57
9
67
98
82
345
517
81
32
69
8
669
1591
8
3
22
27
66
966
87
62
363
89
35
495
97
3842
292
71
8567
96
32
76
7
41
94
92
5
7
56
651
248
98
5
694
33
9424
62
13
6
1988
2861
76
6
5
3
5
348
237
73
114
5
41
8
13
83
5
15
26
44
428
8
9
34
32
28
64
866
23
2
479
587
626
21
63
343
67
91
41
645
729
317
8916
91
892
695
1635
813
713
68
23
1
69
62
8
61
59
35
949
43
7962
8
2
5
486
789
34
86
9
8
674
15
41
6
88
5
562
836
448
9
91
57
612
9111
291
6963
236
46
728
5
15
37
74
51
774
31
67
643
97
886
1
47
4
2
212
116
84
27
89
15
892
549
19
745
9
27
95
44
835
4235
2
93
5
76
167
568
53
856
298
2458
58
6
8675
6651
849
17
7246
611
2
139
9854
11
759
991
4911
5
9
795
76
36
7864
522
254
593
79
492
8884
44
9959
87
441
8627
76
65
65
34
75
191
8
62
922
58
5676
1269
524
24
84
9
52
3
7
265
4
31
15
496
9658
831
98
98
8
89
683
34
334
43
8
876
677
2769
981
994
73
571
12
9418
616
54
481
16
112
7638
22
787
45
5867
372
62
4
98
4
2
2
51
22
67
8
131
7
7699
47
4125
34
4
722
215
361
38
7
881
9
5
4
834
85
95
99
1
516
98
2
644
54
323
34
63
314
63
4445
36
88
43
41
2
9336
6
189
833
228
9
68
988
9776
93
81
7
45
5
18
8
47
9273
48
7
221
9
72
74
67
85
9981
16
98
38
946
118
57
322
29
138
13
839
296
99
61
6199
91
43
93
61
4
13
25
417
434
31
259
76
89
87
3886
789
166
85
7
92
979
6
733
2729
59
85
97
718
4
7
3
365
65
5
1
4
67
8
12
354
72
35
43
3
6
94
8164
691
16
92
628
493
11
6
88
38
92
8
491
4
2
998
4
92
76
3
33
177
96
65
92
935
15
74
33
71
2
55
4366
38
9
73
757
35
93
87
6
2
2
232
93
36
434
1
18
39
123
459
332
1
7
21
788
53
3
31
12
755
39
5
237
7
5
94
87
3
791
64
4
426
7
56
97
688
525
6
89
131
958
734
94
667
544
66
942
92
94
591
825
531
7594
81
41
1
587
435
72
53
12
564
558
55
83
6
825
271
1
1
8766
155
58
639
7
9
11
1918
98
7236
77
25
5818
44
979
383
76
1
9
4
34
5
11
5
69
46
648
6297
536
64
764
28
538
167
1
89
247
5412
462
479
59
22
1
255
619
5
1866
684
386
364
11
2854
84
27
236
2
92
52
577
714
3963
679
194
115
47
4
42
75
57
2
584
76
8
28
736
9
476
6
925
1
5
188
68
18
6
175
19
165
1
71
65
18
1
3
622
76
729
54
635
7
86
93
7
9
94
4
88
656
86
9
14
649
49
11
64
13
17
51
49
58
476
471
34
42
5
26
8447
531
953
8
521
7
21
38
58
696
22
9
33
3
4
31
9
2
9
22
7296
2324
46
77
51
7
194
3182
767
2
49
8
952
145
666
114
46
387
64
2619
55
375
78
57
7
47
267
52
51
63
54
7
7
794
35
2
9
15
344
583
25
41
52
8971
9185
8
83
278
16
71
86
15
4
24
73
636
65
894
9368
46
7
44
5336
463
188
66
379
6676
6954
1
49
57
45
3211
783
65
64
52
9
968
289
77
35
83
48
7
7
68
932
4
29
45
6
15
98
3782
29
32
49
43
36
399
71
45
2
622
355
62
484
44
651
1466
1
85
192
76
117
757
69
26
366
535
187
88
99
24
4423
4
1538
2
46
12
3
2
66
6
481
4
839
5
255
68
756
8
931
4442
28
65
94
715
82
65
92
6
73
517
713
249
24
18
33
3253
87
589
11
425
65
2818
4
4
596
824
96
4277
8
3
617
21
848
67
1239
31
99
87
69
61
4
