91 
736
347
583
+  

99
17
87
7 
+ 

31
35
49
47
* 

 33
 85
416
289
+  

125
558
415
449
*  

61 
29 
279
428
*  

 44
 45
 86
984
+  

4121
2676
26  
5   
+   

 6
51
36
18
+ 

 13
755
884
633
*  

3 
9 
9 
56
+ 

28
91
92
 8
* 

26
94
76
18
+ 

 6
 7
56
51
* 

95 
21 
915
113
+  

7459
2858
6463
31  
+   

912
456
122
129
+  

4337
9336
5629
 672
+   

598 
7975
1448
3414
+   

9668
 794
 272
 631
+   

  59
 289
 745
1949
+   

 387
9181
3736
5691
+   

 4
65
54
58
* 

1782
3176
7963
 682
+   

56
21
 7
 7
* 

454
999
753
128
*  

84
25
81
35
+ 

75
59
19
58
+ 

84
56
66
15
* 

292
225
443
769
*  

139
385
52 
91 
*  

75
85
65
74
+ 

94
65
53
15
+ 

215
745
441
134
*  

52
96
75
14
* 

53 
661
768
653
+  

  9
 97
 41
724
+  

47
12
44
79
+ 

12 
67 
641
994
+  

5161
7468
651 
847 
+   

445
614
864
98 
*  

66
58
43
63
+ 

 61
 86
997
152
*  

2115
4865
6264
999 
+   

16
59
 5
 5
* 

27
84
68
84
* 

62 
787
867
681
*  

632
581
577
488
*  

8938
2844
7889
76  
+   

2151
6825
5   
3   
+   

 5
45
67
29
* 

47 
114
742
846
*  

9 
86
44
52
* 

6 
9 
8 
21
+ 

928
38 
99 
86 
*  

6834
1535
6826
34  
+   

98
93
98
71
+ 

3 
35
59
31
* 

791
325
633
 48
*  

5466
6241
4774
 391
+   

341
323
484
268
+  

8  
54 
291
254
+  

242
 27
 45
 51
*  

331
716
35 
34 
*  

44
84
53
36
* 

27
76
86
9 
* 

159
778
88 
13 
+  

52
98
 8
 6
* 

42 
464
113
571
*  

63 
32 
521
672
*  

9 
65
62
93
+ 

 7
 9
 4
88
* 

474
987
468
 99
*  

164
838
468
74 
+  

365
113
 83
  9
+  

9 
19
93
94
+ 

37  
693 
3139
8249
+   

4 
6 
96
51
* 

48
83
81
45
* 

94
49
 5
 8
+ 

55
53
66
6 
* 

52 
964
699
661
+  

6 
2 
1 
23
+ 

98
49
87
12
+ 

11
5 
1 
7 
* 

68
75
94
55
* 

32
72
16
82
* 

4  
3  
536
745
*  

94
75
19
7 
+ 

324
921
268
67 
*  

73  
493 
5219
8615
+   

523
146
957
663
+  

   5
   3
1848
9478
+   

41
73
91
29
+ 

875
561
16 
35 
*  

977
129
729
  9
*  

411
647
117
144
*  

1 
6 
71
93
* 

66
61
97
 8
* 

9995
7116
  76
   5
+   

21  
8674
7893
8752
+   

2478
3797
1529
8935
+   

58
82
91
69
* 

 47
 85
312
222
*  

35
45
33
68
* 

86
86
53
66
* 

5 
7 
11
58
* 

37
94
19
28
+ 

834
295
  3
  3
*  

61 
45 
915
513
+  

63 
62 
399
574
+  

29
57
86
38
* 

97
68
99
64
* 

25
58
14
 6
+ 

89 
663
488
869
*  

779
113
485
53 
+  

73
33
24
27
* 

75
84
64
 9
* 

95 
66 
996
119
*  

719
291
317
552
*  

78
94
64
66
+ 

 8
53
47
87
* 

58
79
74
93
* 

339
272
643
664
*  

3 
64
77
48
+ 

669
266
331
288
*  

1953
4297
29  
88  
+   

14
43
27
76
* 

131
239
 36
 58
+  

76
64
31
13
+ 

91
34
76
14
+ 

45 
23 
37 
826
*  

7813
298 
256 
258 
+   

73
95
21
 9
* 

423 
822 
4978
1343
+   

19 
752
179
249
*  

82
46
18
48
* 

41
63
3 
8 
* 

96 
996
733
888
*  

528
871
224
81 
+  

576
613
895
23 
*  

3 
1 
16
23
* 

24
44
 4
 5
* 

59 
82 
16 
931
+  

9985
2827
684 
224 
+   

 65
 41
 36
293
+  

631
537
718
211
*  

4426
6518
5393
3154
+   

22
15
11
17
* 

 3
72
34
51
+ 

96
67
16
83
* 

 2
67
78
62
* 

9813
7299
53  
9   
+   

52
82
61
57
* 

67
9 
9 
9 
* 

64
34
85
67
* 

36
37
52
98
* 

73
71
57
82
* 

884
645
336
345
+  

321
336
874
517
*  

 1
89
39
81
* 

81
51
96
32
+ 

1613
2285
78  
69  
+   

725
182
39 
8  
+  

24 
953
893
669
+  

 751
 681
 362
1591
+   

72
62
46
8 
+ 

7182
3782
 168
   3
+   

44
66
88
22
* 

178
264
392
 27
+  

 2
 5
97
66
+ 

812
129
471
966
*  

61
46
28
87
+ 

47
38
16
62
+ 

23 
795
549
363
*  

 1
 8
64
89
* 

44
28
21
35
* 

215
266
133
495
*  

75
76
21
97
* 

256 
3534
5156
3842
+   

51 
79 
483
292
+  

72
21
42
71
+ 

  47
  15
2887
8567
+   

214
638
837
 96
*  

 2
 4
 4
32
+ 

678
748
64 
76 
+  

54
 4
 4
 7
* 

211
158
285
41 
+  

6 
29
34
94
* 

756
195
311
 92
*  

18
68
5 
5 
* 

59
13
78
 7
+ 

22
69
77
56
* 

797
219
949
651
*  

34 
964
461
248
*  

4795
5695
7214
  98
+   

97
88
2 
5 
* 

2488
1896
8721
694 
+   

56
94
12
33
+ 

 849
9329
6544
9424
+   

236
228
175
62 
*  

67
75
83
13
* 

584
923
 72
  6
*  

4822
6229
9962
1988
+   

8   
8628
6421
2861
+   

 4
46
67
76
* 

62
22
91
6 
+ 

327
936
37 
5  
+  

886
255
4  
3  
*  

36
59
86
5 
* 

113
226
868
348
+  

9  
3  
63 
237
+  

346
673
228
 73
*  

433
941
879
114
+  

293
35 
29 
5  
*  

5981
 335
 599
  41
+   

332
26 
58 
8  
*  

46
35
29
13
+ 

 9
81
91
83
* 

717
97 
8  
5  
*  

 2
34
96
15
+ 

39
74
31
26
* 

55
72
46
44
+ 

97 
25 
76 
428
*  

99
52
 3
 8
* 

38
22
64
 9
* 

42
82
39
34
* 

64
83
97
32
+ 

4 
91
13
28
* 

41
72
11
64
+ 

837
148
123
866
*  

71
52
28
23
* 

31
37
77
 2
* 

96 
193
271
479
+  

44 
71 
688
587
+  

 57
557
288
626
*  

92
15
95
21
* 

91
11
34
63
* 

  2
 93
 14
343
*  

97
66
13
67
+ 

 6
19
24
91
* 

 8
 5
42
41
+ 

91 
97 
219
645
+  

8  
123
229
729
+  

 73
423
259
317
+  

6976
8727
4835
8916
+   

682
588
251
 91
+  

  1
 68
771
892
*  

 18
778
474
695
+  

473 
182 
642 
1635
+   

3  
289
395
813
*  

1  
434
414
713
+  

9258
9639
 599
  68
+   

9 
49
51
23
* 

198
372
  2
  1
*  

69
58
38
69
+ 

35
75
51
62
* 

442
774
 57
  8
+  

363
 53
 82
 61
*  

7444
 441
  79
  59
+   

4678
893 
477 
35  
+   

8  
349
445
949
*  

54
89
34
43
+ 

35  
438 
774 
7962
+   

317
657
426
  8
*  

13
84
92
 2
+ 

194
538
  7
  5
+  

968
255
857
486
*  

264
287
742
789
+  

 8
 5
87
34
+ 

42
55
88
86
* 

44
62
72
9 
* 

94
76
26
8 
* 

29 
398
982
674
+  

234
514
 32
 15
*  

395
457
18 
41 
*  

54
75
59
 6
+ 

 4
31
66
88
+ 

5444
7664
   2
   5
+   

6  
5  
838
562
+  

929
579
341
836
+  

316
275
759
448
*  

28
88
16
 9
+ 

8 
53
88
91
* 

16
89
84
57
* 

9  
8  
858
612
+  

   8
 228
 769
9111
+   

556
738
191
291
*  

1   
511 
5544
6963
+   

  8
  4
154
236
*  

 6
18
32
46
+ 

215
942
737
728
+  

24
52
52
 5
* 

65
18
63
15
* 

71
98
85
37
* 

 7
14
71
74
* 

41
69
37
51
* 

 48
 61
147
774
+  

758
79 
24 
31 
*  

392
648
161
 67
*  

 15
 68
735
643
*  

859
147
723
97 
+  

3  
6  
264
886
+  

56
53
16
 1
* 

767
967
374
47 
*  

56
 1
 9
 4
+ 

28
74
91
2 
* 

936
715
493
212
*  

  9
 96
313
116
*  

21
96
55
84
* 

6927
6829
9368
27  
+   

57
48
73
89
* 

7612
7433
  51
  15
+   

762
312
789
892
*  

1  
94 
583
549
+  

93
67
15
19
+ 

152
727
827
745
+  

66
17
96
9 
* 

4 
72
19
27
* 

23
71
85
95
+ 

61
96
44
44
+ 

437
996
529
835
*  

   3
  39
4591
4235
+   

48
63
41
2 
+ 

2498
 861
 415
  93
+   

56
92
9 
5 
* 

98
89
83
76
* 

637
245
726
167
*  

  5
 49
354
568
*  

7 
45
66
53
* 

  5
  1
 34
856
+  

  6
 48
973
298
*  

   8
1516
2255
2458
+   

87
62
85
58
* 

24
48
9 
6 
* 

  68
 538
3272
8675
+   

18  
522 
6752
6651
+   

2366
3278
7149
849 
+   

 3
37
96
17
+ 

3852
9181
7156
7246
+   

396
543
375
611
*  

17
46
82
2 
* 

457
499
796
139
*  

 274
 541
8959
9854
+   

26
71
17
11
* 

 19
 99
818
759
*  

98 
25 
576
991
*  

786 
395 
8985
4911
+   

3524
 837
  49
   5
+   

51
22
81
 9
+ 

693
118
874
795
*  

78
68
76
76
* 

27
35
82
36
* 

 434
 129
6352
7864
+   

 57
274
518
522
+  

6699
9924
4637
254 
+   

68 
24 
667
593
+  

19
37
97
79
* 

793
518
373
492
*  

  27
 756
8681
8884
+   

85
74
75
44
* 

4   
679 
9884
9959
+   

3 
2 
86
87
+ 

 94
 65
 26
441
*  

1754
3547
8448
8627
+   

68
35
58
76
* 

236
886
77 
65 
+  

76
78
99
65
+ 

4 
5 
2 
34
* 

22
49
31
75
+ 

 25
396
887
191
+  

523
 43
 16
  8
*  

69
98
28
62
+ 

4  
17 
45 
922
*  

66
79
44
58
+ 

64  
6727
9821
5676
+   

78  
71  
7786
1269
+   

13 
52 
42 
524
*  

4882
8838
8737
  24
+   

 8
91
77
84
+ 

65
97
4 
9 
* 

11
64
54
52
* 

6678
4587
  83
   3
+   

963
977
321
7  
*  

868
892
176
265
*  

86
26
35
4 
+ 

32
28
55
31
+ 

 1
52
43
15
* 

64 
989
193
496
*  

963 
999 
6715
9658
+   

53 
913
767
831
*  

23
95
79
98
+ 

2228
2858
 858
  98
+   

275
724
659
8  
+  

1624
8177
2919
  89
+   

9  
656
767
683
*  

9 
78
73
34
* 

 66
 63
 45
334
+  

7 
4 
48
43
* 

71
29
 2
 8
* 

  6
 85
 86
876
*  

3  
9  
318
677
*  

7955
9757
2777
2769
+   

9616
5336
2459
 981
+   

44 
17 
768
994
*  

 9
18
38
73
* 

618
441
484
571
*  

7 
4 
99
12
* 

754 
651 
4696
9418
+   

 75
 56
 87
616
*  

754
766
516
 54
*  

6363
8455
3546
 481
+   

32
46
55
16
* 

3547
8534
3684
112 
+   

 437
2745
7952
7638
+   

87
92
34
22
* 

  7
 43
396
787
+  

5 
63
35
45
* 

   2
  16
 134
5867
+   

18 
46 
32 
372
+  

46
35
79
62
* 

37
18
 5
 4
+ 

25
83
82
98
+ 

44
3 
6 
4 
+ 

39
46
52
2 
+ 

55
74
23
2 
+ 

524
193
833
 51
*  

855
792
 88
 22
*  

7 
34
62
67
* 

78
25
11
8 
* 

123
386
761
131
*  

135
198
 42
  7
+  

7638
8598
5798
7699
+   

7514
517 
48  
47  
+   

   2
2783
7158
4125
+   

352
426
814
34 
*  

77
54
5 
4 
+ 

26 
89 
419
722
*  

8  
84 
797
215
*  

87 
266
614
361
*  

49
11
47
38
* 

73
12
 3
 7
+ 

 74
297
564
881
*  

518
678
827
  9
*  

85
81
36
 5
* 

19
47
85
 4
+ 

79 
44 
332
834
*  

 5
 4
35
85
+ 

433
818
 77
 95
*  

45
19
69
99
+ 

826
119
966
  1
*  

399
846
892
516
*  

64
42
34
98
+ 

47
8 
4 
2 
+ 

 63
818
935
644
*  

 6
 2
68
54
* 

775
195
118
323
+  

33
11
36
34
+ 

 9
 2
 7
63
* 

 44
 47
721
314
*  

 4
95
29
63
+ 

528 
5497
4814
4445
+   

91
26
27
36
+ 

59
99
89
88
+ 

85
69
17
43
+ 

 7
 7
52
41
* 

654
744
  1
  2
+  

  45
  33
  57
9336
+   

35
79
15
 6
* 

546
422
392
189
*  

435
428
125
833
+  

612
417
992
228
*  

41
79
 1
 9
* 

3444
1363
2924
68  
+   

 96
979
729
988
*  

772 
958 
4475
9776
+   

278
634
291
 93
*  

276
143
556
 81
*  

5178
4939
 887
   7
+   

 8
66
69
45
* 

77
42
71
 5
* 

 4
63
32
18
* 

18
85
67
8 
* 

3797
6249
7458
47  
+   

 894
 415
4895
9273
+   

8 
37
68
48
* 

764
715
17 
7  
+  

7591
4373
5566
 221
+   

12
67
82
 9
* 

28
99
83
72
+ 

8 
14
15
74
* 

341
363
39 
67 
+  

37
62
66
85
* 

527 
5745
4721
9981
+   

17
92
98
16
* 

62
93
69
98
+ 

232
655
53 
38 
*  

  3
731
774
946
*  

9885
6534
9315
118 
+   

49
64
58
57
+ 

537
538
336
322
*  

75
88
82
29
* 

 61
268
361
138
*  

 2
83
65
13
* 

9665
8662
641 
839 
+   

9  
25 
29 
296
+  

8 
7 
9 
99
+ 

7 
3 
47
61
* 

7197
5727
3896
6199
+   

826
 88
 91
 91
*  

 4
 3
74
43
* 

22
93
59
93
* 

78
97
89
61
+ 

38
18
 1
 4
* 

883
483
974
 13
*  

 8
 8
 6
25
+ 

 39
 55
358
417
*  

  1
  9
 37
434
*  

636
951
37 
31 
+  

32 
616
228
259
+  

1 
53
65
76
+ 

96
63
32
89
* 

9423
 471
 355
  87
+   

 833
 679
6584
3886
+   

237
642
897
789
+  

22 
23 
62 
166
+  

216
444
 34
 85
*  

22
81
72
7 
* 

9 
4 
8 
92
* 

32 
859
432
979
*  

63
71
35
 6
+ 

 44
 41
792
733
*  

 945
7895
8874
2729
+   

629
958
938
 59
+  

85
23
84
85
* 

6 
9 
29
97
+ 

 55
 23
 71
718
*  

11
41
7 
4 
+ 

126
985
17 
7  
*  

87
63
12
3 
* 

131
473
334
365
+  

51
24
38
65
* 

37
5 
2 
5 
+ 

84
96
14
1 
* 

96
11
57
4 
* 

783
176
793
 67
*  

66
31
9 
8 
* 

7 
31
93
12
+ 

66 
73 
724
354
+  

2 
52
55
72
+ 

3786
1118
3361
  35
+   

963
616
484
43 
*  

43
34
 7
 3
* 

56
11
15
 6
+ 

175
195
374
94 
*  

 846
4123
8648
8164
+   

746
449
429
691
*  

 6
14
99
16
* 

24
37
96
92
+ 

 24
436
391
628
*  

65 
396
838
493
*  

14
59
98
11
+ 

697
445
 75
  6
+  

746
412
813
88 
+  

285
625
68 
38 
*  

67
37
17
92
+ 

11
74
 3
 8
* 

279
829
115
491
*  

489
46 
9  
4  
*  

641
869
 33
  2
*  

384
997
659
998
*  

96
3 
2 
4 
* 

97
74
42
92
+ 

661
778
76 
76 
*  

726
974
33 
3  
*  

27
53
43
33
* 

42 
287
351
177
+  

64
53
45
96
* 

7 
5 
15
65
* 

463
466
133
 92
+  

81 
614
842
935
*  

49
15
24
15
* 

 8
 2
39
74
+ 

54
99
71
33
* 

1 
9 
25
71
+ 

97
 2
 3
 2
+ 

42
64
43
55
+ 

564 
327 
9732
4366
+   

 4
32
37
38
+ 

468
889
48 
9  
*  

319
757
 69
 73
+  

4781
6419
4545
 757
+   

162
688
865
 35
*  

9 
3 
2 
93
* 

668
711
822
 87
*  

5658
7152
872 
6   
+   

94
33
52
 2
+ 

567
315
45 
2  
+  

424
216
385
232
+  

 6
 6
 9
93
* 

4 
1 
23
36
* 

2  
394
885
434
*  

942
694
 82
  1
*  

 5
29
46
18
* 

 3
98
42
39
* 

2  
19 
724
123
+  

2  
8  
32 
459
*  

51 
399
516
332
*  

81
29
28
1 
* 

68
73
81
7 
+ 

6 
2 
2 
21
* 

 81
 38
123
788
+  

8 
81
24
53
+ 

41
93
86
3 
* 

3597
 638
 515
  31
+   

12
53
43
12
* 

121
592
224
755
+  

57
56
18
39
* 

694
 51
 33
  5
+  

  1
629
281
237
+  

75
34
9 
7 
* 

58
55
91
5 
* 

1 
76
34
94
* 

24
62
19
87
* 

15
27
94
3 
* 

59 
67 
871
791
*  

68
46
48
64
+ 

129
 97
  4
  4
*  

7  
456
874
426
*  

526
233
744
7  
*  

5679
6482
65  
56  
+   

127
583
259
 97
*  

22 
568
773
688
+  

  2
 24
799
525
*  

61
71
75
 6
+ 

379
557
57 
89 
*  

32 
28 
337
131
*  

492
232
177
958
*  

8  
88 
497
734
*  

394
275
 69
 94
*  

6  
275
619
667
+  

293
344
924
544
*  

 4
 8
 7
66
* 

  3
 43
173
942
+  

 8
43
92
92
* 

1 
65
86
94
* 

 13
 43
136
591
*  

 32
 36
 83
825
+  

945
986
814
531
+  

9878
5826
2575
7594
+   

353
571
 24
 81
+  

67
59
98
41
+ 

135
25 
1  
1  
*  

 35
149
256
587
*  

5  
72 
96 
435
+  

85
53
76
72
* 

4 
54
96
53
+ 

7 
38
61
12
+ 

3479
2671
2872
 564
+   

59 
77 
81 
558
+  

 4
 6
59
55
+ 

4735
9477
 388
  83
+   

236
973
 43
  6
+  

295
582
779
825
*  

8  
277
543
271
+  

58
65
59
 1
* 

347
223
729
1  
*  

  19
 642
3618
8766
+   

457
484
636
155
+  

 2
 4
12
58
+ 

2  
47 
438
639
+  

37
61
 2
 7
+ 

5515
3571
 169
   9
+   

3 
9 
38
11
* 

1884
4184
9298
1918
+   

 8
 5
49
98
* 

86  
984 
9252
7236
+   

91
43
51
77
* 

4 
68
26
25
* 

 656
2125
1125
5818
+   

86
16
63
44
* 

6899
2112
 189
 979
+   

 42
988
131
383
*  

1868
92  
46  
76  
+   

74
35
76
 1
+ 

79
81
56
 9
+ 

494
292
287
4  
+  

 1
75
53
34
* 

26
53
26
 5
* 

13
48
34
11
* 

57
36
2 
5 
+ 

2766
871 
64  
69  
+   

669
261
 95
 46
*  

 55
 32
277
648
+  

   9
4925
1836
6297
+   

 99
533
998
536
*  

1 
1 
87
64
* 

95 
75 
295
764
*  

19
91
49
28
+ 

486
758
141
538
+  

797
797
519
167
*  

92
22
71
1 
* 

4 
74
73
89
+ 

5927
4836
2677
247 
+   

6771
1453
3189
5412
+   

 84
 83
679
462
*  

66 
493
573
479
*  

53
34
37
59
* 

63
44
92
22
* 

299
981
 31
  1
+  

  6
  7
592
255
*  

375
364
545
619
*  

669
163
398
5  
+  

87  
44  
424 
1866
+   

51 
142
961
684
*  

 67
322
549
386
*  

34 
33 
85 
364
*  

68
28
36
11
+ 

169 
976 
8518
2854
+   

3 
13
24
84
* 

62
13
63
27
+ 

671
582
127
236
*  

17
68
9 
2 
* 

 9
 3
71
92
* 

741
599
544
52 
+  

695
128
929
577
*  

93 
16 
198
714
*  

 873
3316
1896
3963
+   

817
916
679
679
*  

511
822
743
194
*  

783
928
375
115
*  

63
14
99
47
* 

857
434
9  
4  
*  

61
77
84
42
+ 

479
376
 97
 75
*  

51
18
82
57
* 

92
 1
 2
 2
* 

84 
171
433
584
+  

4862
5984
172 
76  
+   

49
21
53
 8
* 

45
54
19
28
* 

4757
8635
 616
 736
+   

94
62
74
 9
+ 

 81
 55
 46
476
*  

717
512
634
  6
*  

  5
  3
326
925
*  

198
919
21 
1  
*  

7578
4559
 575
   5
+   

5  
3  
77 
188
*  

912
699
291
68 
*  

38
37
12
18
* 

58
49
35
 6
* 

 98
486
964
175
*  

43
64
44
19
+ 

58 
58 
482
165
*  

726
357
 25
  1
*  

 3
 8
11
71
* 

41
17
87
65
+ 

58
58
84
18
* 

23
21
85
1 
* 

791
84 
8  
3  
*  

7882
4847
 539
 622
+   

17
82
46
76
* 

7161
3411
5234
729 
+   

64
86
12
54
+ 

97 
919
855
635
*  

54
18
36
 7
* 

75
45
94
86
* 

7 
9 
52
93
* 

86
42
6 
7 
+ 

33
5 
1 
9 
* 

6 
82
59
94
* 

42
21
69
4 
* 

48
82
75
88
* 

 48
989
484
656
*  

3 
9 
57
86
+ 

83
47
55
 9
* 

86
67
13
14
* 

735
162
296
649
+  

64
57
88
49
* 

77
33
58
11
+ 

626
61 
71 
64 
+  

86
26
72
13
* 

81
54
41
17
+ 

25
36
33
51
+ 

 5
 6
 8
49
+ 

9 
4 
6 
58
* 

3  
23 
844
476
*  

313
942
841
471
*  

2659
7197
5556
  34
+   

96
99
43
42
* 

27
65
47
 5
* 

13
43
28
26
* 

682 
5243
1283
8447
+   

 11
312
653
531
+  

389
959
133
953
*  

498
 27
 53
  8
*  

776
511
128
521
*  

27
46
 5
 7
* 

6 
88
88
21
* 

371
215
851
 38
+  

 9
96
31
58
* 

  3
365
244
696
*  

71
32
49
22
* 

623
353
 82
  9
*  

26
33
17
33
* 

71
91
 4
 3
+ 

776
257
51 
4  
*  

36
19
55
31
* 

49
33
 7
 9
* 

523
465
 71
  2
*  

88
24
21
 9
* 

6172
1632
 567
  22
+   

96  
1537
6141
7296
+   

   6
 269
9988
2324
+   

4 
42
48
46
* 

14
52
64
77
* 

94
31
47
51
* 

124
 68
 33
  7
*  

 35
 68
297
194
*  

  99
 182
6944
3182
+   

619
242
656
767
+  

87
75
3 
2 
* 

89
35
29
49
+ 

44
59
9 
8 
* 

 39
 38
557
952
*  

 52
277
271
145
*  

663
328
779
666
+  

372
742
469
114
*  

7 
7 
22
46
+ 

224
983
536
387
*  

5784
6558
281 
64  
+   

  66
  74
6674
2619
+   

 9
 1
44
55
* 

847
552
763
375
+  

46
22
98
78
+ 

396
215
59 
57 
*  

8573
9437
969 
7   
+   

96
36
94
47
* 

6339
181 
886 
267 
+   

 2
54
19
52
* 

72
23
73
51
+ 

3964
671 
371 
63  
+   

27
22
27
54
* 

159
653
445
7  
+  

44
 6
 1
 7
+ 

435
771
747
794
*  

5167
4456
9838
35  
+   

34
97
86
2 
* 

57
86
 1
 9
+ 

28
75
37
15
+ 

  6
578
855
344
+  

 42
 38
625
583
*  

189
 35
 34
 25
+  

51
67
85
41
* 

825
483
718
52 
*  

  44
5588
8123
8971
+   

9723
5119
3215
9185
+   

614
964
639
8  
+  

956
 69
 34
 83
*  

44 
983
731
278
+  

445
291
245
 16
*  

236
916
296
71 
*  

29
67
94
86
+ 

941
131
45 
15 
*  

555
576
 66
  4
+  

 8
64
39
24
* 

598
373
99 
73 
+  

 37
 85
192
636
+  

33
91
22
65
+ 

168
147
678
894
*  

6   
869 
8149
9368
+   

82
74
84
46
+ 

58
31
97
 7
* 

 9
53
77
44
* 

6689
2962
5987
5336
+   

413
544
715
463
*  

94 
192
521
188
*  

239
456
92 
66 
*  

  2
588
695
379
*  

 921
2333
2462
6676
+   

49  
871 
9519
6954
+   

236
81 
76 
1  
+  

61
78
73
49
* 

82
53
24
57
+ 

 2
84
19
45
+ 

456 
2143
2268
3211
+   

 66
 61
375
783
+  

41
13
75
65
+ 

9591
898 
941 
64  
+   

1 
85
97
52
+ 

36
68
38
9 
* 

19 
94 
886
968
+  

794
768
488
289
+  

14
96
63
77
* 

948
222
31 
35 
+  

4429
8156
 473
  83
+   

8 
7 
54
48
+ 

13
79
82
7 
+ 

12
57
5 
7 
+ 

 2
63
51
68
* 

 41
 87
 77
932
*  

13
81
74
 4
* 

31
75
56
29
* 

 6
 7
 9
45
* 

31
86
9 
6 
* 

79
52
22
15
* 

7 
68
89
98
* 

 788
6434
3127
3782
+   

 6
 4
73
29
* 

753
571
587
32 
+  

222
341
325
 49
+  

59
24
38
43
+ 

3 
9 
47
36
+ 

 58
552
621
399
*  

37
14
71
71
* 

1 
93
12
45
* 

58
56
85
 2
* 

54 
28 
62 
622
*  

 64
 75
379
355
*  

4 
81
53
62
* 

32 
99 
617
484
*  

96
34
17
44
* 

398
123
867
651
+  

 236
1951
7784
1466
+   

325
87 
7  
1  
+  

333
49 
61 
85 
*  

4  
3  
99 
192
+  

 2
 4
39
76
* 

319
587
577
117
+  

1  
87 
562
757
*  

81
92
38
69
* 

13
78
92
26
* 

37 
656
747
366
+  

  7
848
998
535
+  

 58
467
979
187
+  

29
81
83
88
* 

63
49
97
99
* 

2 
36
17
24
+ 

8962
3726
7271
4423
+   

95
46
 7
 4
+ 

  46
 942
 113
1538
+   

566
926
166
  2
+  

 3
21
84
46
* 

296
154
389
12 
*  

8246
8649
1989
3   
+   

44
29
91
2 
* 

 9
 6
 9
66
+ 

257
788
 38
  6
+  

949
695
414
481
*  

855
392
861
  4
*  

122
253
665
839
+  

92
24
9 
5 
+ 

26 
289
771
255
+  

77
59
61
68
* 

372
958
573
756
+  

81
66
 3
 8
* 

28 
633
237
931
*  

 357
 768
 369
4442
+   

 8
 6
56
28
* 

817
413
841
 65
*  

58
73
53
94
+ 

826
594
771
715
*  

81
56
33
82
+ 

49
92
37
65
+ 

219
443
734
92 
*  

584
263
95 
6  
*  

 4
98
41
73
* 

 91
297
725
517
*  

6828
9628
 951
 713
+   

58 
257
542
249
+  

645
781
 18
 24
*  

785
485
824
 18
+  

67
84
99
33
* 

773 
778 
6768
3253
+   

6 
44
34
87
* 

7283
8363
6639
 589
+   

3989
4237
9878
11  
+   

  1
  1
145
425
+  

476
227
49 
65 
+  

114 
9735
5491
2818
+   

6265
392 
87  
4   
+   

9569
8156
75  
4   
+   

8  
9  
96 
596
+  

275
983
441
824
*  

1 
24
73
96
+ 

 297
5155
5182
4277
+   

264
736
281
  8
+  

45
 4
 8
 3
+ 

 44
787
579
617
*  

78
55
78
21
* 

87 
88 
92 
848
*  

25
35
82
67
* 

  59
  77
 595
1239
+   

77
12
62
31
* 

455
489
472
99 
*  

264
136
 37
 87
+  

421
212
416
 69
+  

92
97
89
61
+ 

23
54
6 
4 
+ 
