11756
10164
5340368
7429
22742388144
1202825344
9061
4434
6699
4408335234
4001
2430272
9439
371855
14455
13643
13562
14880
24982
22129
16083
20111
2978940
18733
321204
146102541696
12798
13513
39937065
52749659718
493310205
13421
14186
21809320182
15847034
9524
10663
11396
4432
13857
10631801088
13379
1049088040
6521
104325
21464112
15005393208
55356945336
19360
2738
2577498
12715091232
6320490
6983
217732864
15535
18378
1981623
10452592512
17457
8976
9031
23355990
188382112
21527908
2136374
7662
170274
4979797705
246129744
10192
63584
18616212654
8699
5988
10133
11983
286395
40610460
5052
2983376
9153
6215
18453
1517
58063275
8410116
9628970
10176
3720301156
11790
11325
5538
6111
3327859395
5295929926
11566398396
21827
4133082
6770
5792
23795
48459224
1158267648
19028568
58768416
102870
11410
14496534
8059
10026
25230744
76540224
6097
32584401392
15263
24506734
4282914
3805452189
127078289300
16412
4590596
51681597
112972782024
4152
397877577888
10822
6244552
5315
14044
10835
136599216
18048
2787048
10491
4900815712
22616832
60294
44167058232
9363
25952847510
196056
106680
15083
27445
11604
38754367652
18213
5313387
3976
65046534
1880632
10640
13002705
48993
28462402
22599352
24608376
21632
13218550245
1668458
9755
7618
7479
7921
14626
7874
3413
21921124
16242
2672
30320929584
8115
12178
6441959434
125732
20333745
20447983710
43413793
14687
7763
9368
11876
1749762352
2445
14301
22235
3890
5889616
27482248464
145640
9904
7960800
533174862720
7685133984
16686
766350
16850
12336
23509
4966765120
51081273
211078518
18186
10547
2183692
6517
4248
45542575
2495160
6235
9402
10922423642
11646
6689025
10925
2397888
10914
8183474
950215
2856
35140512
11008
561039904
877610
2689174
11086902
11265
677856
5930
217936932048
9650726
597164
16420
9040
22860723752
23448792
10442448
6424506
17253
895389
8565
11735
8748
11071
30624
12322
95967144
11370
15235
2749460274
2201
14758
8629676
10366681
16425
20703072
3000
65616318
8725
12563
3554970804
10777
9704
429787904
3611
4983
522145231872
13854
8657
11864568
1974538
4533248
13207
346366875
1864443438
5171
4536
4574
6703
22197
37889648408
9150
3272409
13095095
10019
9432
210045028368
1904
5371656
6960
9687
1077375
35949435
14824431
1312278
9135585
12838
367058744
9626325642
726848952
14579
3742
3504911
41002896132
6199
2348072
203058468104
272130276
4892532
17553
42942042
3807
104658317064
2478
13370
9786
4190524
1399464
5944
8588
149669550630
4404
5473
18258
371690
88350232
162572802882
94930080
4202795
5189
301336984
9459
63035730
119808
15766
10118
13030
4158
20109
212691535056
1129284
213526988207
14336
16729581
1664217345
4845410621
23015
5090
1747
218359368685
68064282
17934458
12385
13449
24088
14807
13661263
265000373552
11058
47853396
6522
3355
175580256
19163
54581202
6817
14691
18092
5352
9041
4058440
16808
6240096
13693
12424
16098
19911960
12581
9152
396093
2386510
9650
2477413344
508070311680
8899
6104
668135
31703898096
20918
7015021594
6577
11757
4042
8318
3698786464
8150682
13000
617852
138816
46592336
5821344
29054
15350
1674090684
1353971
78021023815
689172
17472
258178536
20295979000
14246
9165856
14518
16054
64685544
7902
2000070
2806
10062
28846592
7885
8217
4368
4414
6265
6584549230
2748932388
3145282
6142518
14173799703
6232
27321
12752
4222
4794335568
7628
1810418688
326711400
40338776128
38024454
3308
9746282304
867442784
4560695
9902
1683903696
5493
591294000
10168
1231428744
354935021910
10687
4849
21181830656
408460
20608
6297
55638
1521363362
5519
17687
10899
15986
14587
416934
4533
9741
2209676
145400046302
13494
21110529792
90193
8420
66646936576
18429
16308920194
10199672670
9967
5773480
5389605
2730968
1600876
12664
22281
6590832
8379
17220
458472
11919
3685118
8046
26648020
16267
14506426
9367
234657850
916574516
27085
14142
144943486072
45944178
2798180154
2025933
23182
9827
8808
521566
26385
157960712
321382
7080887
16777
273234
25177734297
8867
1157476858
260568
10565
6436
1923
60998902
6367
16455
13464
4593
222429840
609924
18978
9071604177
3829
1426397203
21190
13123
44299360
7026
196218246
1485
35761635
6304716
6514
7775460
3532
4134704
5648018
22937584284
390278
7523
13142
2809
16004
21704902128
149339
6667
5031641844
19279
230551532994
1240736
7161
4816167616
25895655408
6572
8567
12229
1213901920
14091
24446
202147260966
3478356
60827088
170608584258
55944
17171
825357276
138605376
18647819
7805
28527444
413380
10712
4220898975
39334945
8331
29345349
1978
7241
7080
16429
4611
296913968
11397
18023
3291769320
27987
33765929568
7037
5257
6032
11067
60237
148428
1063936288
115743168
1438288
3610747
3136
637650
9851158018
1627758
7618
6222
10183
8968
677688
17732
3593612
5697
42389457
5094
2822
399438
4761345
1119916
11249546
742182
611744903
15130
282576
2765427808
782874612
12291
3214499496
6092
54640500
1833
2615709954
649893033
90102018750
584627454
1436121152
7579
77732733120
29256
3825
4152678
952596
72547185
6025
20439
34315
8904
14575
211925
2579235750
6062
45989874
5058
8173
21907
15508
4750
10363
6739
134757834720
9730
4853915
1020087518
11407
17761
2443
3268
7163
5979
318411
22999
421302
16298
12454869
3998030
18112
54159976
26667
12425285422
10227
5298
9954
5649
1155102
1603980
5496471
5401
10682
3799996368
10678
11204
52456805310
87764
2939343768
11140
20076
599268968052
2048891
5217
18430
22522
2494937088
15265020162
18560465
22215624
10123
33221500
139986206964
7742
15921
1632333792
16091649024
58945392
15092
18439
1076032
8499
65003747776
131976
735648
12691
337079979705
2826671148
19561
81247408418
9048772686
252877595355
21660418
33313468
8526
3243746925
9472995
19098
13017
14199
3883650
24806976
20594
5216
53538408
619011288
4603170
155752759
10341
3351504
5596729668
28898408
4863108
41882405565
8090
1230933150
124191396
64787
5961
49380688
718515
741002
20154
13420302
15032
11439
68215514390
2496771
41583908
183057
8529
10557
2016546
933816
40282524
41341344660
4034
3176355
57986474
16089
31530776
14732
8796
54778833
9958
7966
5693
75720
52419208
18510926928
16607
68931808
1999800
4814892
17563
2749
332245589445
32330600
330818431230
183768
6063042
8999
8992830
750241404
9485864
54109566
14740749
1222
364999518
21916503
403297
50636016
6920418
9860
16744
8051
1270984
6655049
38977995
1272131
456286446
19344
16990
654900
17923
225302
1954113040
3464486610
16548
64029212694
7750
36598141338
14109
13348
411525
20375
10585
1945855275
10319
62441918
13244
1283380
9606
14024
16184650
3136
4621
92661026302
8399
1895432
7677
11306
8191
802605960
17878
9952684
12821454600
10765
22733
7580
352301706
10127
10750785912
6220477962
12444
437899605
6295
5368208
15273
11435
7051
66472674048
8546
11230
4407403
5380676
31207
22364335152
9830955904
844886016
1443826449
13265
14864
3193
12457386
10872
3309
16187
12868
5531
16822
2467
2503632
11543
22319
9120979
13530
12673
8802
2179
1584
1520608
77714604
587928
5886888
27180
62336
69381225
6904722
24850
463608
13652
4816
14717
4019
25584325113
23544747
622050
4827816
50785304
1027327125
640992
855954448
60298836
20822
12877
3903
40731660
4492
92352
15199
38356335
11518504
6856192
11895
9273
14966
26390544
25859521
2986
26983
5768
11567
7879
893464
13252088058
10229
2107372
9702
8496
452521920872
2604121872
6190
9319
10062
59907588
14368
140868
8127666547
17294
450736
7108775520
14093
163468742805
10170
14211
3315632752
196984720
4557911
4793579175
19830
14525
1671342336
15117
51649249
19483
2877786
15188
14587
1211
11608
8609
6748
10550
9070
122850199824
1715
19780
5528
5487
17664837372
64975332
556943616
13187422
15605
51724023
15484157232
11036
3809
12777
2598
