9735
1348
 673
+  

9187
977 
+ 

3344
1597
* 

  42
3818
3569
+  

1544
2514
5859
*  

6224
1972
  98
*  

   9
4488
4564
+  

4225
166 
27  
16  
+   

 531
6168
+ 

 786
1583
3543
*  

3995
   6
+ 

299 
8128
* 

2971
6468
+ 

  55
6761
* 

9291
5111
  53
+  

7263
4841
556 
983 
+   

9411
1522
2629
+  

495 
3366
3327
7692
+   

5713
9944
8741
 584
+   

9   
6726
6973
8421
+   

   1
 279
5844
9959
+   

 935
3176
8839
7161
+   

 655
4548
* 

137 
7196
8768
2632
+   

52  
6177
* 

4971
5952
4938
*  

8283
4515
+ 

7515
5998
+ 

8561
4665
* 

2247
9246
2539
*  

1359
3821
95  
*  

7867
5554
+ 

9651
4535
+ 

2741
1443
5514
*  

5971
2654
* 

5676
3665
 183
+  

   7
 942
9714
+  

4147
7249
+ 

1669
2749
  14
+  

5768
1454
6617
18  
+   

4689
4168
544 
*  

6546
6833
+ 

  91
6895
1672
*  

2469
1829
1669
554 
+   

15  
6955
* 

2868
7484
* 

6786
2868
 771
*  

6554
3878
2178
*  

8277
9886
348 
849 
+   

2653
18  
52  
15  
+   

 462
5579
* 

4178
7144
 426
*  

9845
 642
* 

6982
   1
+ 

9398
2896
8   
*  

6163
8584
332 
456 
+   

9997
8381
+ 

3353
 591
* 

736 
9234
1538
*  

564 
4273
6479
6141
+   

3342
4286
1348
+  

8522
 495
  14
+  

2   
4245
2751
*  

3733
3154
16  
*  

4853
4436
* 

2789
766 
* 

1781
5783
98  
+  

59  
2886
* 

4415
2617
 431
*  

6356
3227
  12
*  

9669
 523
+ 

   8
7948
* 

494 
7869
4789
*  

1847
6364
488 
+  

31  
618 
5339
+  

9199
 934
+ 

3638
7912
 334
  99
+   

4695
  61
* 

4884
8315
* 

94  
4958
+ 

5566
536 
* 

5966
2696
 491
+  

6212
   3
+ 

9481
8972
+ 

1517
1   
* 

6795
8545
* 

3718
2262
* 

4357
  34
  65
*  

9717
459 
+ 

3926
2267
418 
*  

7458
3926
 311
  95
+   

5196
2456
3673
+  

  19
  84
  47
5388
+   

4792
1319
+ 

8513
7665
51  
*  

917 
722 
7999
*  

4611
1414
1774
*  

1679
  13
* 

669 
6178
* 

97  
91  
917 
5665
+   

2878
1687
 795
 432
+   

2318
4759
7923
8795
+   

5896
8219
* 

  32
4812
7522
*  

3436
5538
* 

8856
6636
* 

5715
  18
* 

3912
7498
+ 

82  
39  
4533
*  

6495
1511
  53
+  

6635
3297
  94
+  

2583
9768
* 

9696
7894
* 

251 
5846
+ 

8648
9686
 389
*  

7145
7183
935 
+  

7322
3347
* 

786 
5449
* 

9691
5691
  69
*  

7235
1915
9172
*  

7966
8446
+ 

 548
8377
* 

5779
8943
* 

3266
3746
9234
*  

3674
 478
+ 

6232
6638
9618
*  

1428
9298
59  
37  
+   

1427
4376
* 

12  
3335
1968
+  

7631
6413
+ 

9371
1464
+ 

4238
5372
   6
*  

7222
8955
1868
3   
+   

792 
3519
* 

4841
2293
3274
  83
+   

1712
9574
 299
*  

8414
2688
* 

4638
13  
* 

9978
6938
 638
*  

5828
2721
814 
+  

5682
7193
635 
*  

3112
  63
* 

24  
4445
* 

5819
9263
   1
+  

9262
9882
8244
57  
+   

   2
6439
5163
+  

6572
3311
1781
*  

4653
4531
2195
6834
+   

2111
2517
* 

 735
3241
+ 

9618
6763
* 

 676
2782
* 

9759
823 
19  
39  
+   

5865
2217
* 

6999
7   
* 

6386
4457
* 

3359
6728
* 

7758
3172
* 

8633
8434
4565
+  

3385
2371
1647
*  

 838
1991
* 

8593
1162
+ 

1276
6289
18  
35  
+   

7138
289 
52  
+  

2986
4596
 339
+  

   1
7635
5869
1121
+   

7648
226 
+ 

73  
171 
886 
2283
+   

4682
4682
* 

123 
7692
8427
+  

  96
2576
+ 

8149
1276
2916
*  

6428
1687
+ 

4316
7862
+ 

2753
3946
 593
*  

  68
1849
* 

4223
4815
* 

2214
1639
5635
*  

7729
5617
* 

2353
5518
6354
 462
+   

5742
1989
  32
+  

7247
2121
+ 

  28
  85
4186
7577
+   

268 
1339
4876
*  

   3
2442
+ 

6767
7446
88  
+  

5   
4447
* 

2124
1581
185 
+  

6239
 944
* 

713 
5919
6512
*  

1655
88  
* 

517 
9387
+ 

2675
2976
* 

7296
9145
7991
*  

3942
4664
 418
*  

457 
762 
9919
5548
+   

9825
78  
* 

2186
4879
8924
861 
+   

5913
6423
+ 

 969
8354
4242
9944
+   

2216
3272
685 
*  

6781
7533
* 

59  
827 
4326
*  

4691
8299
2268
2928
+   

8862
 648
 226
 811
+   

 467
4676
* 

6296
221 
+ 

3935
237 
76  
+  

8243
85  
65  
*  

3585
696 
* 

1283
1264
3688
+  

9362
  33
   7
+  

362 
4727
6383
*  

4981
3471
3194
+  

2325
959 
3   
*  

5   
935 
8394
1591
+   

3258
368 
2   
*  

4321
6593
+ 

 898
9113
* 

7985
17  
7   
*  

 391
2465
+ 

3732
9416
* 

5744
5264
+ 

9274
7562
   8
*  

95  
9238
* 

326 
8249
* 

4833
2294
* 

6893
4372
+ 

4912
 138
* 

4716
1214
+ 

8118
3426
7836
*  

7522
1283
* 

337 
1772
* 

9124
6977
 319
+  

4765
4188
  87
+  

 526
5582
7786
*  

9192
2551
* 

9136
1143
* 

   3
 914
2343
*  

9616
7637
+ 

 129
6941
* 

  44
8521
+ 

9926
1714
  95
+  

8127
 222
 399
+  

 423
7251
3397
+  

6848
9789
7231
6756
+   

652 
8859
2811
+  

  78
 679
1812
*  

 746
1779
8845
+  

4161
7846
3223
   5
+   

3238
 891
 953
*  

1447
 311
 443
+  

99  
265 
5396
8998
+   

9452
 913
* 

13  
97  
8221
*  

6536
9889
+ 

3756
5512
* 

47  
475 
2478
+  

3   
6586
3321
*  

7   
44  
4475
4199
+   

4843
6975
737 
8   
+   

8349
 444
 959
*  

5834
4943
+ 

3477
5379
 846
   2
+   

364 
152 
7768
*  

189 
3422
+ 

15  
93  
4875
+  

9284
6558
8576
*  

2277
6848
4729
+  

  83
8574
+ 

4588
2586
* 

4679
422 
* 

9728
466 
* 

2396
9987
 824
+  

25  
3131
4425
*  

3414
9581
57  
*  

575 
4596
+ 

 368
4168
+ 

57  
46  
46  
4425
+   

6585
  36
  82
+  

9538
2743
9916
+  

3274
1754
6598
*  

281 
8869
+ 

8589
 381
* 

1885
6947
* 

9886
  51
  82
+  

   9
 271
 261
8891
+   

5712
5399
6811
*  

1556
 159
 146
  43
+   

  12
  53
8446
*  

 134
6826
+ 

2977
1432
5278
+  

255 
4225
* 

6161
5835
* 

7983
1857
* 

 177
7414
* 

4635
1971
* 

  17
4647
8174
+  

7723
5941
8   
*  

361 
9466
2817
*  

  76
1634
5853
*  

8179
5427
973 
+  

3628
  68
  46
+  

551 
6361
* 

7934
6677
774 
*  

5   
6194
+ 

2792
841 
* 

9742
3191
6532
*  

  31
 911
9636
*  

2958
1654
* 

6692
9837
226 
798 
+   

5478
7839
* 

77  
64  
1351
2315
+   

7378
6189
2292
*  

1955
 484
  39
+  

9611
3759
+ 

1787
5224
2775
+  

6199
676 
* 

4712
 297
* 

2789
3155
+ 

6944
1644
+ 

4958
3923
7695
*  

  44
  52
 393
3915
+   

4642
831 
+ 

2   
484 
9619
8153
+   

5995
62  
* 

9887
8936
* 

6271
3426
7567
*  

  35
 456
5948
*  

7465
 563
* 

   8
  35
5146
+  

  92
 479
6838
*  

 122
 524
 155
8658
+   

8685
7258
* 

2496
48  
* 

  38
 526
6377
8825
+   

1566
8276
 255
  21
+   

2378
3214
6749
689 
+   

 391
3767
+ 

3977
8112
5854
2166
+   

3536
9471
6351
*  

1482
762 
* 

4471
5993
7969
*  

  89
2598
7455
4194
+   

2711
6171
* 

  87
1915
9989
*  

9259
8579
  61
*  

7384
8999
6581
  51
+   

3   
58  
234 
4795
+   

528 
1219
+ 

6187
9179
3845
*  

7677
8866
* 

2383
7526
* 

  67
4138
3256
4924
+   

 255
5712
7482
+  

6942
6965
9234
947 
+   

6265
8469
  73
+  

1397
9779
* 

7534
9179
3832
*  

  88
 768
2588
7614
+   

8774
5454
* 

4699
 789
 985
  49
+   

3288
  67
+ 

   4
9624
4561
*  

1388
7546
5442
4787
+   

6357
8586
* 

2876
3875
66  
+  

7796
6895
+ 

4523
   4
* 

2437
2915
+ 

 381
2989
5671
+  

5   
241 
3368
*  

6926
9882
+ 

4149
 752
   2
*  

6745
6948
+ 

6695
4786
 227
 716
+   

7771
8172
  86
  69
+   

1545
3222
   4
*  

488 
887 
8332
2874
+   

 978
8174
+ 

6949
57  
* 

1655
1442
* 

64  
65  
788 
8733
+   

9937
672 
371 
*  

8812
6976
8265
*  

8234
665 
+ 

3253
2851
+ 

 541
1235
* 

6914
4899
 936
*  

9969
6976
3915
  58
+   

5978
3163
 371
*  

2979
3598
+ 

22  
288 
2559
8888
+   

2768
725 
549 
+  

182 
619 
2718
4799
+   

9676
 568
 673
*  

9773
 834
* 

   3
6643
6354
+  

7444
  83
* 

72  
1928
* 

   8
 887
6566
*  

3936
  17
  87
*  

7922
9777
5576
5779
+   

952 
6349
1358
6691
+   

4179
4769
  84
*  

 137
9883
* 

6445
1487
8141
*  

7491
  92
* 

7649
5564
4191
  68
+   

   6
7581
5676
*  

775 
5615
4664
*  

683 
3454
6548
3561
+   

3451
2656
* 

3831
5561
4382
744 
+   

 277
4796
3453
7528
+   

8932
7242
* 

  37
 498
7367
+  

5634
 355
* 

   5
  18
 136
2647
+   

1433
8627
   2
+  

4376
6592
* 

31  
7854
+ 

2889
5328
+ 

4364
4   
+ 

3452
962 
+ 

5722
543 
+ 

518 
2935
4331
*  

87  
5982
5282
*  

7366
 427
* 

7218
851 
* 

1371
2863
3611
*  

11  
394 
5827
+  

7857
6576
3999
8889
+   

7544
5187
17  
4   
+   

 274
 711
 852
2385
+   

3483
5214
264 
*  

7554
74  
+ 

2847
6912
  92
*  

8872
 491
  75
*  

8263
7616
 641
*  

4143
9178
* 

71  
3237
+ 

 258
7968
4741
*  

568 
172 
8879
*  

883 
5165
* 

148 
9754
+ 

7438
9433
  24
*  

  38
5455
+ 

48  
3179
3875
*  

4169
5999
+ 

819 
216 
6961
*  

3885
9491
9626
*  

6439
4248
+ 

4842
7   
+ 

 896
6134
3854
*  

  65
6284
* 

7113
7912
5583
+  

3133
3164
+ 

   6
9273
* 

  73
4421
4714
*  

 926
4593
+ 

5544
2484
8914
 745
+   

9223
1676
+ 

5988
9998
+ 

8614
5973
+ 

  54
7721
* 

67  
54  
4412
+  

   9
   3
4353
5376
+   

371 
5956
* 

5431
4298
6229
*  

4418
3223
5853
+  

6492
1192
2728
*  

47  
1919
* 

3126
4398
462 
434 
+   

 979
9728
6998
*  

7949
7547
2877
  56
+   

262 
7399
8413
*  

215 
7458
6361
*  

54  
198 
738 
8977
+   

 664
8695
* 

747 
7215
* 

 631
4328
* 

1868
857 
* 

3674
7247
945 
798 
+   

  49
8482
9197
4553
+   

8364
 788
* 

7717
617 
45  
+  

745 
5352
9762
1361
+   

168 
2729
* 

2987
8932
+ 

8117
 454
* 

3336
4697
13  
+  

3668
7265
* 

5549
2779
7428
 511
+   

1991
7286
* 

6969
2398
+ 

2653
3538
25  
*  

 779
 374
3146
*  

9691
8531
8318
545 
+   

4655
9487
+ 

5533
3332
7862
*  

7882
5829
* 

 231
6663
1818
*  

 861
2353
* 

9868
6643
6619
52  
+   

9222
 599
   6
+  

8799
   9
+ 

7346
  71
* 

7536
1781
9299
7769
+   

8   
2899
6811
*  

  74
4343
* 

2959
2393
* 

7986
8791
+ 

31  
8814
* 

849 
8871
3343
*  

   2
8865
+ 

  34
3551
9587
*  

   4
  33
1974
*  

6933
3571
61  
+  

3622
2125
 689
+  

1567
 356
+ 

9638
6329
* 

9   
443 
2758
3157
+   

  63
8658
3788
3946
+   

2687
3498
7279
+  

2261
2326
   6
+  

24  
1438
6445
*  

2877
212 
* 

9489
   2
* 

3849
2537
 929
*  

673 
3156
+ 

  77
4493
4123
*  

 782
9887
4972
5549
+   

699 
2535
9889
+  

8288
5345
* 

6929
  97
+ 

   7
5271
5318
*  

1474
11  
+ 

1917
287 
65  
*  

8613
732 
* 

1433
3736
1345
+  

5236
1485
* 

3525
7   
+ 

8911
464 
* 

9154
617 
* 

717 
8796
3637
*  

6398
61  
* 

7391
 132
+ 

6773
6325
  44
+  

2557
 252
+ 

313 
713 
8163
6815
+   

9644
6183
364 
*  

43  
3473
* 

511 
6156
+ 

1139
7974
554 
*  

 488
8161
4246
6384
+   

7446
4429
6991
*  

 191
6496
* 

2399
4762
+ 

 436
2392
4618
*  

6384
5939
 683
*  

1591
4981
+ 

64  
947 
7556
+  

7488
4118
623 
+  

2663
8288
55  
*  

6319
7772
+ 

17  
1438
* 

2814
7219
9951
*  

4494
86  
9   
*  

68  
463 
1932
*  

3969
8959
4798
*  

9324
6   
* 

9749
7422
+ 

6777
6766
18  
*  

7933
273 
64  
*  

2543
7333
* 

4231
2857
 717
+  

6549
4356
* 

7516
  55
* 

441 
6639
3632
+  

8689
1143
 425
*  

4121
9545
* 

  37
8294
+ 

5973
4913
* 

1927
  51
+ 

9   
7232
+ 

4645
2435
+ 

5394
6273
4736
  26
+   

 333
4278
+ 

4849
688 
89  
*  

37  
1567
9793
+  

464 
7457
8145
1957
+   

168 
6863
2855
*  

9329
   3
* 

678 
6128
8127
*  

5786
617 
552 
82  
+   

935 
4322
+ 

5342
615 
75  
+  

4232
2183
4652
+  

   9
6693
* 

4123
  36
* 

2384
 983
 454
*  

96  
498 
2421
*  

 241
5968
* 

 943
3829
* 

2171
 922
  43
+  

2834
  25
   9
*  

5353
1913
 962
*  

8221
198 
* 

6787
831 
+ 

6222
   1
* 

  17
8328
1838
+  

8825
 143
+ 

4983
136 
* 

3   
565 
9313
7851
+   

1541
2332
* 

1527
2925
1245
+  

5513
7689
* 

6   
953 
4135
+  

 622
 283
1917
+  

7397
54  
* 

5595
851 
* 

1739
 644
* 

2618
4297
* 

1293
574 
* 

5687
9779
  11
*  

6446
8684
+ 

1   
29  
9744
*  

7484
 572
 646
*  

5277
234 
634 
*  

5665
6456
78  
92  
+   

152 
2859
7397
*  

2576
2678
 838
+  

  75
 292
2495
*  

677 
1156
+ 

3558
7579
97  
*  

3231
2833
  71
*  

4219
9375
2278
*  

8847
 893
  74
*  

32  
9769
4594
*  

6266
 716
 597
+  

2395
9424
3444
*  

   6
4876
* 

  19
 474
3332
+  

 499
8322
* 

1689
 564
* 

  15
1439
3361
*  

   8
3382
2635
+  

9985
4813
5641
+  

9527
8855
7279
8654
+   

35  
5728
3141
+  

6594
7981
+ 

1211
35  
5   
*  

 125
3458
5967
*  

5794
 263
   5
+  

8577
5362
* 

4595
 463
+ 

7361
 812
+ 

322 
4685
7776
9124
+   

5785
9715
   8
+  

  55
4695
+ 

49  
743 
3788
5783
+   

29  
374 
6336
+  

2578
9872
5295
*  

8252
 747
 731
+  

565 
8591
* 

3271
422 
739 
*  

  38
 667
1416
9286
+   

4461
5835
7465
+  

  15
2428
+ 

2446
 733
  89
+  

36  
7127
+ 

53  
551 
176 
5199
+   

3931
  81
* 

1491
8129
8891
4488
+   

  49
8598
* 

8997
6822
 453
  26
+   

9457
1317
* 

4622
 865
* 

 215
6118
5221
6558
+   

8164
6634
* 

62  
8119
9187
9299
+   

 913
4838
2813
*  

1947
8266
6   
8   
+   

737 
4561
+ 

785 
9169
+ 

4224
998 
427 
+  

 753
1534
* 

252 
6365
* 

1431
3841
* 

5325
76  
+ 

2866
7749
61  
6   
+   

62  
6694
9156
*  

  26
5374
5278
+  

 416
 982
 239
9567
+   

 595
9393
9386
*  

1186
  74
* 

9727
5596
  54
*  

1942
9198
+ 

4715
8543
6818
+  

7751
9916
7797
*  

9271
221 
* 

4778
 439
+ 

5422
9864
2377
767 
+   

6135
7414
7581
1392
+   

  64
8876
4392
*  

6454
6977
 339
*  

5335
3479
* 

6492
3422
* 

29  
983 
9111
+  

  52
  95
6725
*  

3356
7641
5459
*  

6135
669 
938 
+  

8441
7428
  46
   6
+   

5196
1468
 214
*  

 353
6248
7296
*  

3383
4356
   4
*  

6231
8861
+ 

1982
6758
9615
  84
+   

3128
 344
* 

6162
2337
+ 

6512
7823
1276
*  

1692
78  
* 

  79
9312
* 

7555
4942
194 
+  

6195
9227
5897
*  

9117
3691
  84
*  

 313
8389
7196
3663
+   

8966
1177
7699
*  

5871
1249
1234
*  

7931
8271
3855
*  

6194
3497
* 

8494
53  
74  
*  

6784
1742
+ 

43  
7797
9675
*  

5185
1827
* 

9   
2122
* 

8145
4738
 134
+  

4517
8976
682 
24  
+   

425 
9138
* 

4512
5498
* 

48  
7667
5313
7566
+   

967 
4249
+ 

   4
8547
1566
*  

756 
113 
7246
*  

  39
  22
5365
*  

1921
911 
89  
*  

74  
555 
757 
8955
+   

5371
  78
   8
*  

9626
1998
291 
*  

3311
8728
* 

543 
8956
* 

 491
9867
8645
*  

4641
3449
+ 

5541
8886
  25
*  

73  
252 
6751
*  

  17
3811
* 

4186
1775
+ 

5581
8848
* 

2281
315 
* 

7883
94  
1   
*  

74  
8856
8432
2792
+   

1847
7266
* 

7357
1422
6139
114 
+   

6815
4624
+ 

9986
7153
 955
*  

513 
4867
* 

7498
5546
* 

7959
  23
* 

8467
62  
+ 

3519
3   
* 

6859
 294
* 

4264
219 
* 

4878
8258
* 

 946
4885
8946
*  

3958
  76
+ 

845 
3759
* 

8611
6734
* 

7126
3694
5269
+  

6584
4789
* 

7351
7381
+ 

6676
2114
6   
+  

8271
6623
* 

8541
1417
+ 

2335
5631
+ 

   4
5689
+ 

9465
   8
* 

3284
 347
  46
*  

3984
1447
3211
*  

275 
615 
5953
9764
+   

9944
6932
* 

264 
7575
* 

1422
3386
* 

6518
8224
2484
 337
+   

 365
1153
1231
+  

3919
8535
9933
*  

4   
925 
8738
*  

7515
7122
6181
*  

24  
7657
* 

6882
 881
* 

328 
7153
1518
+  

 935
9618
* 

 326
 649
3546
*  

7342
1292
* 

63  
258 
3329
*  

2313
6373
* 

79  
1143
+ 

7254
751 
67  
*  

3153
6951
* 

43  
9379
* 

54  
267 
3512
*  

822 
8419
* 

61  
165 
7362
2272
+   

9167
6512
 349
 716
+   

  92
 293
 682
6984
+   

4444
 286
* 

1567
4247
* 

9345
4171
* 

1   
263 
4837
*  

  21
3699
5874
*  

  63
 191
9848
9242
+   

6267
1456
9267
+  

8732
75  
* 

8324
9599
+ 

4598
49  
* 

  59
3355
9872
*  

 221
5774
2715
*  

6376
6276
3896
+  

3741
7461
2294
*  

7724
  26
+ 

2953
2838
4367
*  

5626
7584
851 
48  
+   

  62
  66
6771
6449
+   

  45
9145
* 

8573
4567
7235
+  

4297
6288
+ 

3255
9197
65  
*  

8997
546 
739 
37  
+   

9394
6647
* 

6182
3886
3167
9   
+   

 515
2492
* 

7275
2331
+ 

3636
9773
611 
4   
+   

2225
7274
* 

1647
554 
935 
+  

4   
4617
+ 

4777
3749
5174
*  

5493
1485
653 
768 
+   

3982
476 
* 

58  
7619
+ 

2731
8575
+ 

 583
 754
6854
+  

  65
4328
2853
*  

1   
8332
9545
+  

5684
1751
* 

8475
2812
538 
*  

 588
 519
4827
4831
+   

9539
7121
2118
3955
+   

6968
163 
449 
+  

9   
5638
6943
*  

4972
4837
 318
+  

422 
4941
5156
*  

2927
3191
666 
*  

2698
9746
+ 

9141
4355
11  
*  

55  
576 
5664
+  

 632
8494
* 

5397
9793
83  
+  

  16
3893
7526
+  

3926
3125
+ 

1168
6479
8784
*  

6889
 613
 946
  98
+   

8784
2446
+ 

539 
8177
* 

 574
9374
* 

6255
6993
8683
9276
+   

4574
1416
3453
*  

9151
4928
 218
*  

2496
3526
96  
*  

 563
 897
2859
*  

 226
9346
2367
1326
+   

4896
9759
 115
  94
+   

2871
316 
6   
+  

6774
1839
* 

8525
2347
+ 

 814
2495
+ 

4223
5122
6461
 381
+   

  37
6678
6153
+  

4176
1355
+ 

9896
5944
981 
1   
+   

1895
 572
+ 

3639
688 
* 

1989
9486
  68
+  

7742
9688
4889
+  

1967
4637
* 

9233
4215
82  
+  

48  
414 
2578
9633
+   

8754
  48
+ 

1787
392 
+ 

1557
27  
+ 

 656
2318
* 

   9
4873
1772
*  

187 
3144
* 

3752
1569
* 

   4
6795
* 

3896
16  
* 

7521
9225
* 

7689
 898
* 

 633
7417
8328
8472
+   

  72
6439
* 

7553
5782
317 
+  

233 
2424
2159
+  

5234
9483
+ 

3943
  76
+ 

 563
5529
8219
*  

3177
7411
* 

1914
 325
* 

558 
8652
* 

5266
4822
   2
*  

  33
6775
4595
*  

4856
 132
* 

3964
2918
  74
*  

9314
6474
* 

3186
9265
8371
+  

 171
2974
3586
6146
+   

3871
27  
5   
+  

3468
3915
3   
*  

4391
  99
   2
+  

  37
2496
* 

3551
1871
9777
+  

1857
 765
  27
*  

8936
1289
* 

1792
3826
* 

3673
7546
 676
+  

 895
 493
7885
+  

 491
5678
8797
+  

2888
9138
* 

6499
3979
* 

2312
 674
+ 

8374
9724
6272
2613
+   

94  
5674
+ 

   1
 915
4413
6238
+   

591 
626 
6662
+  

 284
3146
* 

2131
9582
649 
*  

8813
269 
448 
699 
+   

4292
491 
* 

   6
9696
+ 

27  
583 
7886
+  

9644
4918
9541
*  

838 
596 
5214
*  

1268
2563
2359
+  

9295
24  
+ 

2272
6875
 915
+  

7566
7918
* 

3957
7575
2836
+  

86  
1638
* 

2629
8333
 371
*  

   4
3734
5664
7892
+   

  52
8668
* 

848 
1146
7315
*  

5759
8334
+ 

8577
2971
6415
*  

8538
1632
+ 

4936
9275
+ 

2479
1432
934 
*  

5296
865 
43  
*  

 947
4813
* 

 275
9921
1757
*  

69  
8697
2251
8813
+   

5252
8544
 729
+  

67  
4812
5184
*  

748 
8821
5548
+  

6893
7493
* 

7763
7772
3865
  83
+   

6438
 447
* 

786 
2365
8638
3399
+   

3491
9281
837 
978 
+   

  14
  42
1155
+  

4246
7295
67  
+  

1952
1748
4391
 518
+   

6384
297 
62  
5   
+   

9874
515 
65  
96  
+   

8995
  69
   6
+  

2948
7842
5314
*  

1279
 436
+ 

 554
2112
9587
7527
+   

272 
638 
4618
+  

4   
5483
+ 

 756
4871
4797
*  

7572
8581
* 

8898
7824
   8
*  

2386
5527
* 

   1
  52
5793
9759
+   

7163
7221
* 

4449
5879
592 
*  

21  
6338
4677
+  

424 
2116
1269
+  

9986
2791
+ 

2564
34  
+ 
